{
 "cells": [
  {
   "cell_type": "markdown",
   "id": "d275b227",
   "metadata": {},
   "source": [
    "$\\textbf{DARGEL FLORIAN TP : heuristiques sur le TSP}$"
   ]
  },
  {
   "cell_type": "markdown",
   "id": "97adf788",
   "metadata": {},
   "source": [
    "# Pour le fichier 38 villes"
   ]
  },
  {
   "cell_type": "markdown",
   "id": "1c909d89",
   "metadata": {},
   "source": [
    "## Heuristique constructive"
   ]
  },
  {
   "cell_type": "code",
   "execution_count": 6,
   "id": "20a93f3c",
   "metadata": {
    "ExecuteTime": {
     "end_time": "2022-05-21T19:14:51.024429Z",
     "start_time": "2022-05-21T19:14:51.010467Z"
    }
   },
   "outputs": [
    {
     "name": "stdout",
     "output_type": "stream",
     "text": [
      "NAME: dj38\n",
      "COMMENT: requesting data sets without duplications.\n",
      "TYPE: TSP\n",
      "DIMENSION: 38\n",
      "EDGE_WEIGHT_TYPE: EUC_2D\n",
      "NODE_COORD_SECTION:\n",
      "1 11003.6111 42102.5\n",
      "2 11108.6111 42373.8889\n",
      "3 11133.3333 42885.8333\n",
      "4 11155.8333 42712.5\n",
      "5 11183.3333 42933.3333\n",
      "6 11297.5 42853.3333\n",
      "7 11310.2778 42929.4444\n",
      "8 11416.6667 42983.3333\n",
      "9 11423.8889 43000.2778\n",
      "10 11438.3333 42057.2222\n",
      "11 11461.1111 43252.7778\n",
      "12 11485.5556 43187.2222\n",
      "13 11503.0556 42855.2778\n",
      "14 11511.3889 42106.3889\n",
      "15 11522.2222 42841.9444\n",
      "16 11569.4444 43136.6667\n",
      "17 11583.3333 43150.0\n",
      "18 11595.0 43148.0556\n",
      "19 11600.0 43150.0\n",
      "20 11690.5556 42686.6667\n",
      "21 11715.8333 41836.1111\n",
      "22 11751.1111 42814.4444\n",
      "23 11770.2778 42651.9444\n",
      "24 11785.2778 42884.4444\n",
      "25 11822.7778 42673.6111\n",
      "26 11846.9444 42660.5556\n",
      "27 11963.0556 43290.5556\n",
      "28 11973.0556 43026.1111\n",
      "29 12058.3333 42195.5556\n",
      "30 12149.4444 42477.5\n",
      "31 12286.9444 43355.5556\n",
      "32 12300.0 42433.3333\n",
      "33 12355.8333 43156.3889\n",
      "34 12363.3333 43189.1667\n",
      "35 12372.7778 42711.3889\n",
      "36 12386.6667 43334.7222\n",
      "37 12421.6667 42895.5556\n",
      "38 12645.0 42973.3333\n",
      "EOF\n",
      "\n",
      " les noeuds du fichier sont : [1, 2, 3, 4, 5, 6, 7, 8, 9, 10, 11, 12, 13, 14, 15, 16, 17, 18, 19, 20, 21, 22, 23, 24, 25, 26, 27, 28, 29, 30, 31, 32, 33, 34, 35, 36, 37, 38]\n",
      "\n",
      " Le nombre de noeud est de : 38\n"
     ]
    }
   ],
   "source": [
    "import pandas as pd #utile pour mettre les données dans un Dataframe\n",
    "import numpy as np #utile pour manipuler les données \n",
    "from time import time #utile pour voir le temps de calcul des algorithmes\n",
    "\n",
    "import tsplib95 #utile pour importer les données en format TSP\n",
    "problem = tsplib95.load('dj38.tsp')\n",
    "print(problem)\n",
    "\n",
    " \n",
    "print(\"\\n les noeuds du fichier sont : \" + str(list(problem.get_nodes()))) #obtenir les noms des villes\n",
    "print(\"\\n Le nombre de noeud est de : \" + str(len(list(problem.get_nodes())))) #obtenir le nombre de ville"
   ]
  },
  {
   "cell_type": "markdown",
   "id": "f84971ea",
   "metadata": {},
   "source": [
    "Remarque : J'ai considéré que les villes vont de 0 à 37 (python : indice commençant à 0) et j'ai supposé que les distances obtenues sont exprimés en km"
   ]
  },
  {
   "cell_type": "markdown",
   "id": "6b876250",
   "metadata": {
    "ExecuteTime": {
     "end_time": "2022-05-16T08:47:55.806740Z",
     "start_time": "2022-05-16T08:47:55.778990Z"
    }
   },
   "source": [
    "### Villes"
   ]
  },
  {
   "cell_type": "code",
   "execution_count": 32,
   "id": "91ccb1f8",
   "metadata": {
    "ExecuteTime": {
     "end_time": "2022-05-21T19:14:51.070571Z",
     "start_time": "2022-05-21T19:14:51.060046Z"
    }
   },
   "outputs": [
    {
     "name": "stdout",
     "output_type": "stream",
     "text": [
      "[0, 1, 2, 3, 4, 5, 6, 7, 8, 9, 10, 11, 12, 13, 14, 15, 16, 17, 18, 19, 20, 21, 22, 23, 24, 25, 26, 27, 28, 29, 30, 31, 32, 33, 34, 35, 36, 37]\n"
     ]
    }
   ],
   "source": [
    "'Je crée une fonction qui recupere les villes'\n",
    "\n",
    "def villes(problem):\n",
    "    villes = [i for i in range(0,len(list(problem.get_nodes())))] #0 à 37 car boucle python commence à 0\n",
    "    return(villes) \n",
    "print(villes(problem))"
   ]
  },
  {
   "cell_type": "markdown",
   "id": "73ce45ed",
   "metadata": {},
   "source": [
    "### coordonnées"
   ]
  },
  {
   "cell_type": "code",
   "execution_count": 33,
   "id": "5de44e33",
   "metadata": {
    "ExecuteTime": {
     "end_time": "2022-05-21T19:14:51.117132Z",
     "start_time": "2022-05-21T19:14:51.099531Z"
    }
   },
   "outputs": [
    {
     "data": {
      "text/plain": [
       "array([[11003.6111, 42102.5   ],\n",
       "       [11108.6111, 42373.8889],\n",
       "       [11133.3333, 42885.8333],\n",
       "       [11155.8333, 42712.5   ],\n",
       "       [11183.3333, 42933.3333],\n",
       "       [11297.5   , 42853.3333],\n",
       "       [11310.2778, 42929.4444],\n",
       "       [11416.6667, 42983.3333],\n",
       "       [11423.8889, 43000.2778],\n",
       "       [11438.3333, 42057.2222],\n",
       "       [11461.1111, 43252.7778],\n",
       "       [11485.5556, 43187.2222],\n",
       "       [11503.0556, 42855.2778],\n",
       "       [11511.3889, 42106.3889],\n",
       "       [11522.2222, 42841.9444],\n",
       "       [11569.4444, 43136.6667],\n",
       "       [11583.3333, 43150.    ],\n",
       "       [11595.    , 43148.0556],\n",
       "       [11600.    , 43150.    ],\n",
       "       [11690.5556, 42686.6667],\n",
       "       [11715.8333, 41836.1111],\n",
       "       [11751.1111, 42814.4444],\n",
       "       [11770.2778, 42651.9444],\n",
       "       [11785.2778, 42884.4444],\n",
       "       [11822.7778, 42673.6111],\n",
       "       [11846.9444, 42660.5556],\n",
       "       [11963.0556, 43290.5556],\n",
       "       [11973.0556, 43026.1111],\n",
       "       [12058.3333, 42195.5556],\n",
       "       [12149.4444, 42477.5   ],\n",
       "       [12286.9444, 43355.5556],\n",
       "       [12300.    , 42433.3333],\n",
       "       [12355.8333, 43156.3889],\n",
       "       [12363.3333, 43189.1667],\n",
       "       [12372.7778, 42711.3889],\n",
       "       [12386.6667, 43334.7222],\n",
       "       [12421.6667, 42895.5556],\n",
       "       [12645.    , 42973.3333]])"
      ]
     },
     "execution_count": 33,
     "metadata": {},
     "output_type": "execute_result"
    }
   ],
   "source": [
    "'Je crée une fonction qui met les coordonnées de x et y dans un array [(x1,y1),(x2,y2)...]'\n",
    "\n",
    "def coordonne(problem):\n",
    "    list_points=[]\n",
    "    for i in range (1,len(list(problem.get_nodes()))+1):\n",
    "        coord = problem.node_coords[i] #obtient la coordonnées de la ville 1 à 38\n",
    "        list_points.append(coord) #ajoute les coordonnées dans la liste\n",
    "    return(np.array(list_points))\n",
    "coordonne(problem)"
   ]
  },
  {
   "cell_type": "markdown",
   "id": "05655dd8",
   "metadata": {
    "ExecuteTime": {
     "end_time": "2022-05-19T10:03:48.227486Z",
     "start_time": "2022-05-19T10:03:48.212762Z"
    }
   },
   "source": [
    "### Distance"
   ]
  },
  {
   "cell_type": "code",
   "execution_count": 34,
   "id": "ed809a36",
   "metadata": {
    "ExecuteTime": {
     "end_time": "2022-05-21T19:14:51.163768Z",
     "start_time": "2022-05-21T19:14:51.140428Z"
    }
   },
   "outputs": [],
   "source": [
    "'Je mets les coordonnées de x et y en mémoire (utile pour la suite)'\n",
    "x = []\n",
    "for i in range(0,len(coordonne(problem))): #0 à 38\n",
    "    a = coordonne(problem)[i][0] #On prend un coordonné de x à chaque itération \n",
    "    x.append(a) #On ajoute les cordonnées de x dans la liste vide \n",
    "\n",
    "#On prend les cordonnées de y \n",
    "y = []\n",
    "for i in range(0,len(coordonne(problem))): #0 à 38\n",
    "    b = coordonne(problem)[i][1] #On prend un coordonné de y à chaque itération\n",
    "    y.append(b) #On ajoute les cordonnées de y dans la liste vide "
   ]
  },
  {
   "cell_type": "code",
   "execution_count": 35,
   "id": "ebea311a",
   "metadata": {
    "ExecuteTime": {
     "end_time": "2022-05-21T19:14:51.241748Z",
     "start_time": "2022-05-21T19:14:51.168456Z"
    }
   },
   "outputs": [
    {
     "data": {
      "text/plain": [
       "{(31, 6): 1107.1026405514767,\n",
       " (21, 28): 690.94777439274,\n",
       " (4, 36): 1238.9095060466882,\n",
       " (7, 25): 537.8887828674062,\n",
       " (36, 34): 190.54526478530127,\n",
       " (9, 0): 437.07375847296123,\n",
       " (34, 8): 991.890589272034,\n",
       " (15, 30): 750.14571953935,\n",
       " (37, 13): 1427.118326816165,\n",
       " (24, 14): 344.48478715358283,\n",
       " (13, 20): 338.8917258715504,\n",
       " (3, 2): 174.78753642319424,\n",
       " (28, 10): 1214.2459126328934,\n",
       " (31, 15): 1014.0953388350249,\n",
       " (21, 37): 907.9003514078069,\n",
       " (4, 35): 1268.5126410874932,\n",
       " (7, 22): 484.6229597186031,\n",
       " (29, 37): 701.0178414849712,\n",
       " (33, 34): 477.87113822985094,\n",
       " (22, 12): 335.7859075786257,\n",
       " (34, 3): 1216.9450072305892,\n",
       " (24, 21): 158.01941107908078,\n",
       " (0, 14): 903.1807647058093,\n",
       " (3, 11): 577.9947770439853,\n",
       " (28, 1): 966.3203521926514,\n",
       " (1, 33): 1496.3307422978671,\n",
       " (7, 15): 216.45359126808486,\n",
       " (16, 29): 879.0551902714699,\n",
       " (22, 7): 484.6229597186031,\n",
       " (34, 26): 709.4408696725415,\n",
       " (24, 28): 532.9385092677225,\n",
       " (10, 19): 610.8408599000742,\n",
       " (13, 6): 847.2697508016344,\n",
       " (0, 5): 806.3010169484456,\n",
       " (25, 3): 693.0604398135636,\n",
       " (28, 24): 532.9385092677225,\n",
       " (4, 17): 464.3006978308135,\n",
       " (26, 34): 709.4408696725415,\n",
       " (7, 4): 238.63041624143344,\n",
       " (16, 20): 1320.5530248888929,\n",
       " (19, 1): 660.6734089193326,\n",
       " (22, 30): 872.9336150710428,\n",
       " (12, 32): 904.3769679511402,\n",
       " (34, 21): 630.1507136940655,\n",
       " (10, 26): 503.3641259099513,\n",
       " (0, 28): 1058.8192781887758,\n",
       " (25, 4): 717.486840060847,\n",
       " (28, 23): 741.0310957346467,\n",
       " (4, 24): 690.1774335292973,\n",
       " (16, 11): 104.62299360145383,\n",
       " (19, 6): 451.1676149615897,\n",
       " (22, 17): 526.1640713107265,\n",
       " (37, 33): 354.8523445666538,\n",
       " (10, 5): 431.65321801587913,\n",
       " (35, 23): 751.2780485386529,\n",
       " (0, 19): 901.7446864102617,\n",
       " (25, 13): 647.8412035129767,\n",
       " (4, 7): 238.63041624143344,\n",
       " (29, 9): 826.0220491706339,\n",
       " (16, 2): 521.8084374450942,\n",
       " (19, 15): 466.0127924911931,\n",
       " (5, 32): 1100.868779909872,\n",
       " (9, 37): 1515.0260962874872,\n",
       " (17, 37): 1064.4378244487982,\n",
       " (23, 11): 426.03731449918536,\n",
       " (10, 12): 399.7068814522086,\n",
       " (35, 28): 1185.5392714335162,\n",
       " (25, 22): 77.14868969075276,\n",
       " (1, 13): 483.5144322280772,\n",
       " (4, 14): 350.9951817139654,\n",
       " (29, 2): 1095.088056474044,\n",
       " (19, 20): 850.9311316485309,\n",
       " (2, 36): 1288.370083738694,\n",
       " (22, 35): 919.8482484714774,\n",
       " (30, 35): 101.87525544925039,\n",
       " (17, 30): 722.3872248949039,\n",
       " (23, 0): 1105.6400293858078,\n",
       " (32, 8): 944.9291191589817,\n",
       " (35, 5): 1190.806186342722,\n",
       " (25, 31): 506.8425300906094,\n",
       " (11, 28): 1145.197336345507,\n",
       " (1, 6): 591.0256944238062,\n",
       " (26, 6): 746.0027848059814,\n",
       " (29, 27): 576.270030288451,\n",
       " (19, 29): 504.3110539680161,\n",
       " (5, 18): 423.6949148725896,\n",
       " (17, 23): 325.1099905236374,\n",
       " (20, 4): 1219.611744028743,\n",
       " (23, 25): 232.22610602815598,\n",
       " (32, 15): 786.6361720745174,\n",
       " (13, 35): 1508.281778402738,\n",
       " (35, 10): 929.1760077524162,\n",
       " (11, 21): 457.6931414748176,\n",
       " (14, 2): 391.35765239282057,\n",
       " (1, 31): 1192.8709686024595,\n",
       " (26, 1): 1253.1373597771085,\n",
       " (29, 20): 774.2081807152504,\n",
       " (15, 33): 795.6229229623855,\n",
       " (19, 34): 682.6699915374046,\n",
       " (5, 27): 697.3001770143192,\n",
       " (27, 34): 508.75131483435257,\n",
       " (17, 8): 226.0913238407191,\n",
       " (20, 3): 1040.0276458071712,\n",
       " (23, 22): 232.983368505136,\n",
       " (32, 6): 1069.901915906547,\n",
       " (11, 10): 69.96477879341072,\n",
       " (14, 5): 225.01060911888138,\n",
       " (36, 18): 860.161681650752,\n",
       " (1, 16): 909.7854729088903,\n",
       " (26, 8): 612.341352157216,\n",
       " (5, 4): 139.40600915631273,\n",
       " (30, 20): 1623.2311841273422,\n",
       " (17, 1): 914.280176659268,\n",
       " (20, 10): 1439.3845692037048,\n",
       " (10, 32): 899.8992361459427,\n",
       " (32, 29): 709.5678379030559,\n",
       " (18, 32): 755.8603015320359,\n",
       " (8, 22): 491.24477360962544,\n",
       " (11, 3): 577.9947770439853,\n",
       " (14, 12): 23.348192887675538,\n",
       " (36, 25): 620.9112030856662,\n",
       " (26, 19): 662.5240022393209,\n",
       " (2, 8): 312.28208445508204,\n",
       " (24, 37): 875.1472695184955,\n",
       " (5, 13): 776.9648629343353,\n",
       " (30, 31): 922.3147073036688,\n",
       " (20, 17): 1317.4972703839405,\n",
       " (23, 36): 636.48589207354,\n",
       " (6, 36): 1111.9054536284323,\n",
       " (32, 20): 1467.2196390359659,\n",
       " (31, 36): 477.96677761763016,\n",
       " (35, 33): 147.41387701233728,\n",
       " (18, 27): 393.08897241536715,\n",
       " (8, 29): 894.2747965547807,\n",
       " (33, 11): 877.7798537774383,\n",
       " (14, 23): 266.46669339968145,\n",
       " (36, 0): 1624.7519408767353,\n",
       " (12, 25): 395.1913991198213,\n",
       " (2, 3): 174.78753642319424,\n",
       " (27, 9): 1106.6497362130938,\n",
       " (30, 6): 1065.5742124887408,\n",
       " (20, 24): 844.300524742375,\n",
       " (3, 32): 1279.4676062891192,\n",
       " (6, 31): 1107.1026405514767,\n",
       " (21, 7): 374.6685431612448,\n",
       " (8, 4): 249.69694185474222,\n",
       " (33, 12): 922.7998258888542,\n",
       " (14, 30): 921.1929808342438,\n",
       " (36, 15): 885.673422408339,\n",
       " (12, 16): 305.4597916095145,\n",
       " (15, 5): 392.72327693545486,\n",
       " (2, 26): 923.1680427931743,\n",
       " (27, 14): 486.9991046649369,\n",
       " (30, 9): 1551.0675087173925,\n",
       " (6, 22): 537.2208577484682,\n",
       " (32, 34): 445.3224854869221,\n",
       " (18, 13): 1047.3662468718494,\n",
       " (21, 0): 1032.2892417783694,\n",
       " (8, 11): 196.85271291056003,\n",
       " (33, 5): 1117.490356085659,\n",
       " (12, 15): 289.1144856430563,\n",
       " (15, 2): 503.10067193233965,\n",
       " (37, 17): 1064.4378244487982,\n",
       " (2, 21): 621.8888849433229,\n",
       " (27, 7): 558.0309563241543,\n",
       " (0, 35): 1852.3537304910717,\n",
       " (6, 9): 881.5723323999549,\n",
       " (31, 19): 660.0002183688442,\n",
       " (18, 4): 469.63347173916435,\n",
       " (21, 9): 819.277372045442,\n",
       " (33, 30): 183.08612750948487,\n",
       " (9, 21): 819.277372045442,\n",
       " (12, 6): 206.55257134298637,\n",
       " (15, 11): 97.94482807014157,\n",
       " (37, 26): 752.1157838449152,\n",
       " (24, 1): 774.5111184235717,\n",
       " (27, 28): 834.9219871925422,\n",
       " (3, 23): 652.5069005547831,\n",
       " (6, 0): 881.9759098638978,\n",
       " (31, 24): 534.2980903444086,\n",
       " (21, 18): 368.01103955529624,\n",
       " (7, 35): 1031.685106533582,\n",
       " (11, 36): 980.4965053985497,\n",
       " (33, 23): 653.4553092580556,\n",
       " (9, 30): 1551.0675087173925,\n",
       " (34, 14): 860.5170348526576,\n",
       " (15, 16): 19.2530109878937,\n",
       " (37, 3): 1511.8371178066036,\n",
       " (24, 8): 515.580728336602,\n",
       " (27, 21): 306.69553790223375,\n",
       " (13, 26): 1267.380598430394,\n",
       " (3, 28): 1040.0662299543046,\n",
       " (28, 12): 862.3031400210344,\n",
       " (31, 1): 1192.8709686024595,\n",
       " (21, 27): 306.69553790223375,\n",
       " (4, 37): 1462.2139179644303,\n",
       " (8, 32): 944.9291191589817,\n",
       " (7, 24): 510.73874604933576,\n",
       " (16, 32): 772.5264189936872,\n",
       " (36, 35): 440.5590795291333,\n",
       " (22, 10): 675.7106059138437,\n",
       " (9, 7): 926.3645130826059,\n",
       " (34, 9): 1140.6667326476831,\n",
       " (15, 25): 551.0789685183166,\n",
       " (37, 12): 1148.0305369508294,\n",
       " (24, 15): 527.8241186673071,\n",
       " (13, 19): 607.3080203337792,\n",
       " (0, 8): 991.2811948915838,\n",
       " (3, 5): 199.75853493099984,\n",
       " (28, 11): 1145.197336345507,\n",
       " (31, 14): 878.5791581958061,\n",
       " (21, 36): 675.443439124846,\n",
       " (7, 17): 242.76779441717656,\n",
       " (29, 36): 498.87419787823205,\n",
       " (22, 13): 603.866099498442,\n",
       " (9, 8): 943.1662130201299,\n",
       " (34, 0): 1498.45358451041,\n",
       " (24, 22): 56.79521008755992,\n",
       " (13, 12): 748.9352631784059,\n",
       " (0, 15): 1178.8418412907574,\n",
       " (3, 10): 620.5599377543508,\n",
       " (28, 2): 1154.169962837921,\n",
       " (1, 32): 1472.3686583776635,\n",
       " (7, 14): 176.44484867362817,\n",
       " (16, 30): 733.0222948414121,\n",
       " (22, 4): 650.9097933841973,\n",
       " (34, 27): 508.75131483435257,\n",
       " (24, 29): 381.01263902759325,\n",
       " (10, 16): 159.69202342534444,\n",
       " (13, 5): 776.9648629343353,\n",
       " (0, 6): 881.9759098638978,\n",
       " (25, 2): 748.3253598271941,\n",
       " (28, 25): 510.7937617504838,\n",
       " (4, 18): 469.63347173916435,\n",
       " (26, 35): 425.907328651163,\n",
       " (16, 21): 375.16256591536387,\n",
       " (19, 0): 901.7446864102617,\n",
       " (22, 31): 573.0588296292545,\n",
       " (12, 33): 922.7998258888542,\n",
       " (34, 18): 888.5748281467642,\n",
       " (10, 27): 559.8794191333883,\n",
       " (35, 17): 813.3760406137179,\n",
       " (0, 29): 1205.6363263392866,\n",
       " (25, 11): 638.7327863206939,\n",
       " (28, 16): 1066.1093343045827,\n",
       " (4, 25): 717.486840060847,\n",
       " (29, 15): 878.0095320603826,\n",
       " (16, 12): 305.4597916095145,\n",
       " (19, 9): 678.097682636909,\n",
       " (9, 35): 1591.0193234387693,\n",
       " (17, 35): 813.3760406137179,\n",
       " (37, 32): 342.2378311646007,\n",
       " (23, 13): 824.8548300297838,\n",
       " (10, 2): 492.02291842260115,\n",
       " (35, 22): 919.8482484714774,\n",
       " (0, 20): 760.410092131903,\n",
       " (25, 12): 395.1913991198213,\n",
       " (1, 11): 896.4363964995716,\n",
       " (4, 0): 850.0494347752532,\n",
       " (29, 8): 894.2747965547807,\n",
       " (16, 3): 611.688237585128,\n",
       " (19, 14): 229.01374996460245,\n",
       " (9, 36): 1292.1870859558705,\n",
       " (34, 36): 190.54526478530127,\n",
       " (17, 36): 864.3691820564229,\n",
       " (23, 10): 490.66642736634446,\n",
       " (10, 13): 1147.4909007116623,\n",
       " (35, 31): 905.545728239108,\n",
       " (25, 21): 181.28922790483233,\n",
       " (1, 12): 622.3517788385158,\n",
       " (4, 15): 436.37856626875174,\n",
       " (29, 1): 1045.9776376348116,\n",
       " (19, 23): 219.2904781109511,\n",
       " (2, 37): 1514.1969693170336,\n",
       " (22, 32): 772.8774140576876,\n",
       " (30, 32): 210.74405076324365,\n",
       " (17, 29): 870.0881595463301,\n",
       " (23, 3): 652.5069005547831,\n",
       " (32, 9): 1431.7729164881187,\n",
       " (35, 4): 1268.5126410874932,\n",
       " (25, 30): 822.5721852822402,\n",
       " (11, 31): 1109.8054578323931,\n",
       " (1, 5): 515.311506988317,\n",
       " (26, 7): 626.8383935756493,\n",
       " (29, 26): 834.146386107858,\n",
       " (19, 28): 613.5556610125134,\n",
       " (5, 17): 418.76901045479804,\n",
       " (17, 22): 526.1640713107265,\n",
       " (20, 5): 1099.8835184062552,\n",
       " (23, 24): 214.14231340136712,\n",
       " (32, 0): 1714.40563803204,\n",
       " (13, 34): 1052.6233120367465,\n",
       " (35, 13): 1508.281778402738,\n",
       " (11, 20): 1370.594405234636,\n",
       " (14, 3): 388.5829110171599,\n",
       " (36, 20): 1273.0370918146118,\n",
       " (1, 30): 1533.6684373676678,\n",
       " (26, 14): 628.9563540667978,\n",
       " (29, 19): 504.3110539680161,\n",
       " (15, 32): 786.6361720745174,\n",
       " (19, 37): 996.5650266023381,\n",
       " (5, 26): 796.3212896241382,\n",
       " (27, 37): 674.0139263132481,\n",
       " (30, 18): 717.039547990709,\n",
       " (17, 15): 27.978486995724783,\n",
       " (20, 12): 1041.1412545885325,\n",
       " (23, 17): 325.1099905236374,\n",
       " (32, 7): 954.9775616457806,\n",
       " (8, 16): 218.72186416588318,\n",
       " (11, 13): 1081.1419803974761,\n",
       " (14, 10): 415.3536434157917,\n",
       " (36, 19): 760.3670252492669,\n",
       " (1, 23): 847.6701843695707,\n",
       " (26, 9): 1340.3151747528852,\n",
       " (2, 14): 391.35765239282057,\n",
       " (5, 3): 199.75853493099984,\n",
       " (30, 21): 761.523903862728,\n",
       " (17, 0): 1201.2191072966534,\n",
       " (20, 11): 1370.594405234636,\n",
       " (6, 34): 1084.6448502068552,\n",
       " (10, 33): 904.4618677512339,\n",
       " (32, 30): 210.74405076324365,\n",
       " (18, 33): 764.3374629558468,\n",
       " (8, 23): 379.4987662677847,\n",
       " (11, 2): 463.56856845616534,\n",
       " (14, 13): 735.6352723796917,\n",
       " (36, 26): 605.2678258781067,\n",
       " (26, 16): 404.9011012687537,\n",
       " (2, 9): 882.9616951166189,\n",
       " (5, 12): 205.56479701449342,\n",
       " (30, 28): 1182.3125792459496,\n",
       " (20, 18): 1318.984986621188,\n",
       " (6, 37): 1335.4435917387339,\n",
       " (32, 21): 694.7049591395535,\n",
       " (35, 32): 180.97918235103563,\n",
       " (18, 24): 525.9052502267382,\n",
       " (8, 30): 933.3204761779782,\n",
       " (33, 10): 904.4618677512339,\n",
       " (14, 20): 1024.2977523318582,\n",
       " (36, 1): 1412.8875236834144,\n",
       " (26, 27): 264.63350804508644,\n",
       " (12, 26): 633.2983208353206,\n",
       " (2, 0): 794.0018312710164,\n",
       " (27, 8): 549.773975173234,\n",
       " (30, 7): 946.5372236391878,\n",
       " (20, 25): 834.8046802237374,\n",
       " (3, 35): 1379.1705205406597,\n",
       " (6, 28): 1047.940743480132,\n",
       " (18, 19): 472.0996331075131,\n",
       " (21, 6): 455.5864334996052,\n",
       " (8, 5): 193.82167093351939,\n",
       " (33, 3): 1298.178490381385,\n",
       " (14, 31): 878.5791581958061,\n",
       " (36, 8): 1003.2583303146207,\n",
       " (12, 17): 306.8755657659923,\n",
       " (15, 4): 436.37856626875174,\n",
       " (37, 23): 864.30521097356,\n",
       " (2, 27): 851.3585627044166,\n",
       " (27, 1): 1082.8933889137445,\n",
       " (30, 14): 921.1929808342438,\n",
       " (20, 32): 1467.2196390359659,\n",
       " (6, 23): 477.12681752339176,\n",
       " (28, 32): 1005.8364083631527,\n",
       " (32, 35): 180.97918235103563,\n",
       " (31, 21): 668.2250332683005,\n",
       " (18, 10): 172.78137259569013,\n",
       " (21, 15): 369.90539399443844,\n",
       " (8, 12): 165.20401444544245,\n",
       " (33, 4): 1207.4148949534958,\n",
       " (9, 19): 678.097682636909,\n",
       " (12, 8): 165.20401444544245,\n",
       " (15, 13): 1031.9121989070084,\n",
       " (37, 16): 1076.2654434561114,\n",
       " (2, 18): 536.247941047591,\n",
       " (27, 6): 669.7901634554886,\n",
       " (0, 36): 1624.7519408767353,\n",
       " (3, 17): 618.5273406085212,\n",
       " (6, 14): 229.2960503178372,\n",
       " (31, 18): 1001.8039523224553,\n",
       " (18, 5): 423.6949148725896,\n",
       " (21, 8): 376.3089431948187,\n",
       " (7, 37): 1228.374004889753,\n",
       " (33, 29): 743.1136880936202,\n",
       " (9, 20): 354.8187826809731,\n",
       " (12, 7): 154.47088115065145,\n",
       " (15, 10): 158.80142137934564,\n",
       " (37, 25): 857.1596294207098,\n",
       " (24, 2): 721.3681312291859,\n",
       " (27, 31): 676.9624515910792,\n",
       " (3, 22): 617.4212696948571,\n",
       " (25, 37): 857.1596294207098,\n",
       " (6, 1): 591.0256944238062,\n",
       " (31, 27): 676.9624515910792,\n",
       " (21, 17): 368.33016209462073,\n",
       " (7, 34): 994.0332953350055,\n",
       " (33, 22): 800.2016156554183,\n",
       " (36, 37): 236.48918264094004,\n",
       " (9, 29): 826.0220491706339,\n",
       " (34, 15): 908.9586122197215,\n",
       " (15, 19): 466.0127924911931,\n",
       " (37, 2): 1514.1969693170336,\n",
       " (24, 9): 726.4522349222049,\n",
       " (27, 20): 1217.4823660395618,\n",
       " (13, 25): 647.8412035129767,\n",
       " (3, 31): 1177.7314990174034,\n",
       " (28, 13): 554.1650269371486,\n",
       " (31, 0): 1337.936789400792,\n",
       " (21, 26): 521.1548194593323,\n",
       " (8, 33): 958.2456873028806,\n",
       " (7, 27): 558.0309563241543,\n",
       " (16, 33): 780.9827337328849,\n",
       " (22, 11): 606.2912289862653,\n",
       " (9, 6): 881.5723323999549,\n",
       " (34, 6): 1084.6448502068552,\n",
       " (15, 24): 527.8241186673071,\n",
       " (37, 11): 1179.007963600997,\n",
       " (24, 16): 533.179193727079,\n",
       " (13, 18): 1047.3662468718494,\n",
       " (0, 9): 437.07375847296123,\n",
       " (3, 4): 222.53897723520097,\n",
       " (28, 4): 1144.5265111028614,\n",
       " (31, 9): 940.1750163837056,\n",
       " (21, 35): 821.3524881950475,\n",
       " (7, 16): 235.70223682530187,\n",
       " (29, 35): 889.4404532008446,\n",
       " (33, 32): 33.624904056966884,\n",
       " (16, 24): 533.179193727079,\n",
       " (22, 2): 678.5295230301026,\n",
       " (9, 15): 1087.3778318153588,\n",
       " (34, 1): 1308.4432335370493,\n",
       " (24, 23): 214.14231340136712,\n",
       " (10, 22): 675.7106059138437,\n",
       " (13, 11): 1081.1419803974761,\n",
       " (3, 13): 702.7022486334963,\n",
       " (28, 3): 1040.0662299543046,\n",
       " (4, 20): 1219.611744028743,\n",
       " (7, 9): 926.3645130826059,\n",
       " (16, 31): 1013.5197668411712,\n",
       " (22, 5): 513.8835833299689,\n",
       " (34, 24): 551.2958934844696,\n",
       " (24, 30): 824.9235926046772,\n",
       " (10, 17): 169.97934202734984,\n",
       " (13, 4): 889.6389814878394,\n",
       " (0, 7): 972.873183452112,\n",
       " (25, 1): 792.0314758756632,\n",
       " (28, 26): 1099.137316315523,\n",
       " (4, 19): 564.020277270993,\n",
       " (26, 32): 415.06026671578775,\n",
       " (7, 6): 119.25859124784168,\n",
       " (16, 22): 531.9846114048878,\n",
       " (19, 3): 535.3459605770639,\n",
       " (22, 28): 539.6913079211956,\n",
       " (12, 34): 881.5445086415386,\n",
       " (34, 19): 682.6699915374046,\n",
       " (10, 24): 682.8153983894781,\n",
       " (35, 16): 824.2977876522525,\n",
       " (0, 30): 1793.625572849654,\n",
       " (25, 10): 706.8199696964813,\n",
       " (28, 17): 1059.2138579573486,\n",
       " (14, 36): 901.040825571011,\n",
       " (4, 26): 857.6564794453429,\n",
       " (29, 14): 725.4153354211644,\n",
       " (16, 13): 1046.0880100328911,\n",
       " (19, 8): 411.6589011938173,\n",
       " (22, 23): 232.983368505136,\n",
       " (5, 37): 1352.8326762759687,\n",
       " (9, 34): 1140.6667326476831,\n",
       " (17, 34): 891.9731571419238,\n",
       " (23, 12): 283.72532620194465,\n",
       " (10, 3): 620.5599377543508,\n",
       " (35, 25): 863.5975715996688,\n",
       " (0, 21): 1032.2892417783694,\n",
       " (25, 19): 158.55360705026644,\n",
       " (1, 10): 946.943476952674,\n",
       " (4, 1): 564.4124767084799,\n",
       " (29, 7): 890.4102902629659,\n",
       " (16, 4): 454.91148467464603,\n",
       " (19, 17): 471.1799971715355,\n",
       " (34, 37): 377.7827350001589,\n",
       " (17, 27): 397.23607309962324,\n",
       " (23, 5): 488.7689461453642,\n",
       " (35, 30): 101.87525544925039,\n",
       " (25, 20): 834.8046802237374,\n",
       " (11, 25): 638.7327863206939,\n",
       " (1, 3): 341.88801268259067,\n",
       " (4, 8): 249.69694185474222,\n",
       " (29, 0): 1205.6363263392866,\n",
       " (19, 22): 86.95554778235896,\n",
       " (2, 34): 1251.6603042645434,\n",
       " (22, 33): 800.2016156554183,\n",
       " (5, 23): 488.7689461453642,\n",
       " (30, 33): 183.08612750948487,\n",
       " (17, 28): 1059.2138579573486,\n",
       " (23, 2): 651.945979451871,\n",
       " (32, 10): 899.8992361459427,\n",
       " (35, 7): 1031.685106533582,\n",
       " (25, 29): 353.5754554424838,\n",
       " (11, 30): 818.8773670831317,\n",
       " (1, 4): 564.4124767084799,\n",
       " (26, 4): 857.6564794453429,\n",
       " (29, 25): 353.5754554424838,\n",
       " (19, 31): 660.0002183688442,\n",
       " (5, 16): 411.96092809607694,\n",
       " (17, 21): 368.33016209462073,\n",
       " (20, 6): 1166.1273380163664,\n",
       " (23, 27): 235.22320476885437,\n",
       " (32, 1): 1472.3686583776635,\n",
       " (13, 33): 1377.7579703504562,\n",
       " (35, 12): 1005.3036898045104,\n",
       " (11, 23): 426.03731449918536,\n",
       " (14, 0): 903.1807647058093,\n",
       " (36, 21): 675.443439124846,\n",
       " (1, 29): 1045.9776376348116,\n",
       " (26, 15): 422.62462103934377,\n",
       " (29, 18): 868.415452817003,\n",
       " (15, 35): 840.8794614554081,\n",
       " (19, 36): 760.3670252492669,\n",
       " (5, 25): 582.2820539125776,\n",
       " (27, 36): 467.22227860351506,\n",
       " (30, 19): 896.1539830345274,\n",
       " (17, 14): 314.64372699655013,\n",
       " (20, 13): 338.8917258715504,\n",
       " (23, 16): 333.61858127449926,\n",
       " (32, 24): 719.1818756427937,\n",
       " (8, 17): 226.0913238407191,\n",
       " (11, 12): 332.40537704940243,\n",
       " (14, 11): 347.21923726717307,\n",
       " (36, 28): 788.6768410163694,\n",
       " (1, 22): 717.716993646619,\n",
       " (26, 22): 667.0738676775452,\n",
       " (2, 15): 503.10067193233965,\n",
       " (24, 32): 719.1818756427937,\n",
       " (5, 2): 167.35278721577936,\n",
       " (30, 26): 330.3467190172174,\n",
       " (17, 7): 242.76779441717656,\n",
       " (6, 35): 1150.1578844732783,\n",
       " (32, 31): 725.2080791609051,\n",
       " (18, 30): 717.039547990709,\n",
       " (8, 24): 515.580728336602,\n",
       " (11, 5): 383.2058275060136,\n",
       " (14, 18): 317.72258160886173,\n",
       " (36, 27): 467.22227860351506,\n",
       " (26, 17): 394.6785713607464,\n",
       " (12, 28): 862.3031400210344,\n",
       " (2, 6): 182.23963378875635,\n",
       " (5, 11): 383.2058275060136,\n",
       " (30, 29): 888.7563708302515,\n",
       " (20, 19): 850.9311316485309,\n",
       " (6, 26): 746.0027848059814,\n",
       " (32, 22): 772.8774140576876,\n",
       " (18, 25): 548.212875973121,\n",
       " (8, 31): 1043.5500589926032,\n",
       " (33, 9): 1461.8219286494034,\n",
       " (14, 21): 230.53498333921027,\n",
       " (36, 2): 1288.370083738694,\n",
       " (26, 24): 632.6913759907648,\n",
       " (12, 27): 500.08400933132174,\n",
       " (2, 1): 512.5409796925513,\n",
       " (27, 11): 513.4326017533443,\n",
       " (30, 4): 1181.6213990362992,\n",
       " (20, 26): 1475.3059578262175,\n",
       " (3, 34): 1216.9450072305892,\n",
       " (6, 29): 953.1287023518498,\n",
       " (18, 16): 16.666699999999764,\n",
       " (21, 5): 455.2750559677303,\n",
       " (8, 6): 133.88372790884807,\n",
       " (33, 2): 1266.8508797627137,\n",
       " (14, 28): 839.7818718623611,\n",
       " (36, 9): 1292.1870859558705,\n",
       " (12, 18): 310.2569771402378,\n",
       " (15, 7): 216.45359126808486,\n",
       " (37, 22): 931.8957839887726,\n",
       " (2, 24): 721.3681312291859,\n",
       " (27, 0): 1338.9847283010597,\n",
       " (30, 15): 750.14571953935,\n",
       " (20, 33): 1500.0052355546493,\n",
       " (6, 20): 1166.1273380163664,\n",
       " (28, 33): 1039.369048049447,\n",
       " (32, 36): 269.013098090872,\n",
       " (31, 20): 835.4191101248076,\n",
       " (18, 11): 120.3453898751415,\n",
       " (21, 14): 230.53498333921027,\n",
       " (8, 13): 898.16124139445,\n",
       " (33, 27): 422.9702256762884,\n",
       " (9, 18): 1104.6716444544677,\n",
       " (12, 9): 800.6757875748842,\n",
       " (15, 12): 289.1144856430563,\n",
       " (37, 31): 640.8002808988149,\n",
       " (2, 19): 591.7465894898323,\n",
       " (27, 25): 386.69737307834333,\n",
       " (0, 37): 1858.0926127166258,\n",
       " (3, 16): 611.688237585128,\n",
       " (25, 35): 863.5975715996688,\n",
       " (6, 15): 331.8258702585601,\n",
       " (31, 29): 156.90024244802825,\n",
       " (18, 2): 536.247941047591,\n",
       " (21, 23): 77.89328205236947,\n",
       " (7, 36): 1008.8260130554177,\n",
       " (11, 33): 877.7798537774383,\n",
       " (33, 28): 1039.369048049447,\n",
       " (9, 27): 1106.6497362130938,\n",
       " (12, 0): 903.3931728506114,\n",
       " (15, 21): 369.90539399443844,\n",
       " (37, 24): 875.1472695184955,\n",
       " (24, 3): 668.0773253325242,\n",
       " (27, 30): 455.038303163249,\n",
       " (13, 31): 853.6979019152914,\n",
       " (3, 25): 693.0604398135636,\n",
       " (25, 36): 620.9112030856662,\n",
       " (31, 26): 921.0654701532635,\n",
       " (21, 16): 375.16256591536387,\n",
       " (7, 29): 890.4102902629659,\n",
       " (33, 21): 717.7972027600352,\n",
       " (9, 28): 635.244936662671,\n",
       " (34, 12): 881.5445086415386,\n",
       " (15, 18): 33.337990045141275,\n",
       " (37, 1): 1649.1890251679974,\n",
       " (24, 10): 682.8153983894781,\n",
       " (27, 23): 235.22320476885437,\n",
       " (13, 24): 647.0734666296048,\n",
       " (3, 30): 1301.1275207429017,\n",
       " (28, 14): 839.7818718623611,\n",
       " (31, 3): 1177.7314990174034,\n",
       " (21, 25): 181.28922790483233,\n",
       " (8, 34): 991.890589272034,\n",
       " (7, 26): 626.8383935756493,\n",
       " (16, 34): 903.1070344225324,\n",
       " (22, 8): 491.24477360962544,\n",
       " (9, 5): 808.4719549446988,\n",
       " (34, 7): 994.0332953350055,\n",
       " (15, 27): 418.4788423048403,\n",
       " (37, 10): 1216.421866016664,\n",
       " (24, 17): 526.2891883300357,\n",
       " (13, 17): 1045.0169041370111,\n",
       " (0, 10): 1237.9197337359349,\n",
       " (3, 7): 376.01162075719003,\n",
       " (28, 5): 1005.7528588108406,\n",
       " (31, 8): 1043.5500589926032,\n",
       " (21, 34): 630.1507136940655,\n",
       " (7, 19): 403.76503204062647,\n",
       " (29, 34): 323.3911333026447,\n",
       " (16, 25): 555.9196279450567,\n",
       " (22, 3): 617.4212696948571,\n",
       " (9, 14): 789.1934355505348,\n",
       " (34, 30): 649.8600695107001,\n",
       " (10, 23): 490.66642736634446,\n",
       " (13, 10): 1147.4909007116623,\n",
       " (0, 1): 290.99301545433866,\n",
       " (3, 12): 375.4315194414697,\n",
       " (4, 21): 580.0915451168456,\n",
       " (7, 8): 18.419453115936257,\n",
       " (22, 26): 667.0738676775452,\n",
       " (12, 36): 919.493694494992,\n",
       " (34, 25): 528.2847612267926,\n",
       " (24, 31): 534.2980903444086,\n",
       " (10, 30): 832.2042511077011,\n",
       " (13, 3): 702.7022486334963,\n",
       " (0, 24): 998.6000054737141,\n",
       " (25, 0): 1011.2552138704898,\n",
       " (28, 27): 834.9219871925422,\n",
       " (14, 34): 860.5170348526576,\n",
       " (4, 28): 1144.5265111028614,\n",
       " (26, 33): 412.9188130377448,\n",
       " (7, 1): 682.8768039571414,\n",
       " (16, 23): 333.61858127449926,\n",
       " (19, 2): 591.7465894898323,\n",
       " (22, 29): 417.37052992146016,\n",
       " (12, 35): 1005.3036898045104,\n",
       " (34, 16): 903.1070344225324,\n",
       " (10, 25): 706.8199696964813,\n",
       " (35, 19): 951.0765450916417,\n",
       " (0, 31): 1337.936789400792,\n",
       " (25, 9): 728.679780561238,\n",
       " (28, 18): 1058.788707240614,\n",
       " (14, 37): 1130.4393089485384,\n",
       " (4, 27): 795.1534639867513,\n",
       " (29, 13): 738.1316072513505,\n",
       " (16, 14): 314.0586238818635,\n",
       " (19, 11): 540.9073937193361,\n",
       " (22, 20): 817.6479541765742,\n",
       " (5, 36): 1124.959329045357,\n",
       " (9, 33): 1461.8219286494034,\n",
       " (17, 33): 769.4323767766083,\n",
       " (23, 15): 331.9640721115019,\n",
       " (10, 0): 1237.9197337359349,\n",
       " (35, 24): 868.9295587597494,\n",
       " (0, 22): 943.2215951621602,\n",
       " (25, 18): 548.212875973121,\n",
       " (1, 9): 457.1591933470562,\n",
       " (4, 2): 68.96557112066861,\n",
       " (29, 6): 953.1287023518498,\n",
       " (16, 5): 411.96092809607694,\n",
       " (19, 16): 475.5779310546048,\n",
       " (17, 26): 394.6785713607464,\n",
       " (23, 4): 603.9265730396861,\n",
       " (10, 11): 69.96477879341072,\n",
       " (35, 1): 1598.9455109791097,\n",
       " (25, 27): 386.69737307834333,\n",
       " (11, 24): 614.422634850023,\n",
       " (1, 2): 512.5409796925513,\n",
       " (4, 9): 912.4667991457077,\n",
       " (29, 31): 156.90024244802825,\n",
       " (19, 25): 158.55360705026644,\n",
       " (2, 35): 1331.294804353554,\n",
       " (5, 22): 513.8835833299689,\n",
       " (17, 19): 471.1799971715355,\n",
       " (23, 29): 546.0961977957003,\n",
       " (32, 11): 870.8237292966819,\n",
       " (35, 6): 1150.1578844732783,\n",
       " (25, 28): 510.7937617504838,\n",
       " (11, 17): 116.24155559402936,\n",
       " (1, 27): 1082.8933889137445,\n",
       " (26, 5): 796.3212896241382,\n",
       " (29, 24): 381.01263902759325,\n",
       " (15, 37): 1087.886780987305,\n",
       " (19, 30): 896.1539830345274,\n",
       " (5, 31): 1086.9251354164187,\n",
       " (17, 20): 1317.4972703839405,\n",
       " (20, 7): 1185.5882214025207,\n",
       " (23, 26): 443.31845544515676,\n",
       " (32, 2): 1252.080901016927,\n",
       " (13, 32): 1347.436953883691,\n",
       " (35, 15): 840.8794614554081,\n",
       " (11, 22): 606.2912289862653,\n",
       " (14, 1): 624.6199589538123,\n",
       " (36, 22): 695.4523102331673,\n",
       " (1, 28): 966.3203521926514,\n",
       " (26, 12): 633.2983208353206,\n",
       " (29, 17): 870.0881595463301,\n",
       " (15, 34): 908.9586122197215,\n",
       " (5, 24): 555.1727986363152,\n",
       " (30, 16): 733.0222948414121,\n",
       " (17, 13): 1045.0169041370111,\n",
       " (20, 14): 1024.2977523318582,\n",
       " (23, 19): 219.2904781109511,\n",
       " (10, 36): 1024.8291374000848,\n",
       " (32, 25): 710.505857774655,\n",
       " (18, 36): 860.161681650752,\n",
       " (8, 18): 231.15331863516255,\n",
       " (11, 15): 97.94482807014157,\n",
       " (14, 8): 186.38375316655433,\n",
       " (36, 29): 498.87419787823205,\n",
       " (1, 21): 779.0349148659847,\n",
       " (26, 23): 443.31845544515676,\n",
       " (2, 12): 370.9827727773074,\n",
       " (24, 33): 746.9925202246741,\n",
       " (5, 1): 515.311506988317,\n",
       " (30, 27): 455.038303163249,\n",
       " (17, 6): 358.96739119073175,\n",
       " (20, 21): 978.969135908649,\n",
       " (6, 32): 1069.901915906547,\n",
